acc-p0: 0.3632 +- 0
acc-p1: 0.3612 +- 0
acc-p2: 0.3912 +- 0
acc-p3: 0.4156 +- 0
acc-all-p: 0.38280000000000003 +- 0.02580129195731614
